0000	20 20 20 20 7d 2c 20 20  20 20 63 61 6c 63 75 6c       },    calcul
0010	61 74 65 56 6f 6c 75 6d  65 52 65 61 6c 54 69 6d   ateVolumeRealTim
0020	65 3a 20 66 75 6e 63 74  69 6f 6e 20 28 66 6f 72   e: function (for
0030	6d 43 6f 6e 74 65 78 74  29 20 7b 20 20 20 20 20   mContext) {     
0040	20 20 20 74 72 79 20 7b  20 20 20 20 20 20 20 20      try {        
0050	20 20 20 20 76 61 72 20  4c 20 3d 20 66 6f 72 6d       var L = form
0060	43 6f 6e 74 65 78 74 2e  67 65 74 41 74 74 72 69   Context.getAttri
0070	62 75 74 65 28 22 70 64  67 5f 6c 65 6e 67 74 68   bute("pdg_length
0080	22 29 3b 20 20 20 20 20  20 20 20 20 20 20 20 76   ");            v
0090	61 72 20 57 20 3d 20 66  6f 72 6d 43 6f 6e 74 65   ar W = formConte
00a0	78 74 2e 67 65 74 41 74  74 72 69 62 75 74 65 28   xt.getAttribute(
00b0	22 70 64 67 5f 77 69 64  74 68 22 29 3b 20 20 20   "pdg_width");   
00c0	20 20 20 20 20 20 20 20  20 76 61 72 20 48 20 3d            var H =
00d0	20 66 6f 72 6d 43 6f 6e  74 65 78 74 2e 67 65 74    formContext.get
00e0	41 74 74 72 69 62 75 74  65 28 22 70 64 67 5f 68   Attribute("pdg_h
00f0	65 69 67 68 74 22 29 3b  20 20 20 20 20 20 20 20   eight");        
0100	20 20 20 20 76 61 72 20  6f 75 74 20 3d 20 66 6f       var out = fo
0110	72 6d 43 6f 6e 74 65 78  74 2e 67 65 74 41 74 74   rmContext.getAtt
0120	72 69 62 75 74 65 28 22  70 64 67 5f 76 6f 6c 75   ribute("pdg_volu
0130	6d 65 22 29 3b 20 20 20  20 20 20 20 20 20 20 20   me");           
0140	20 69 66 20 28 21 6f 75  74 29 20 72 65 74 75 72    if (!out) retur
0150	6e 3b 20 20 20 20 20 20  20 20 20 20 20 20 76 61   n;            va
0160	72 20 6c 20 3d 20 4c 20  3f 20 28 4c 2e 67 65 74   r l = L ? (L.get
0170	56 61 6c 75 65 28 29 20  7c 7c 20 30 29 20 3a 20   Value() || 0) : 
0180	30 3b 20 20 20 20 20 20  20 20 20 20 20 20 76 61   0;            va
0190	72 20 77 20 3d 20 57 20  3f 20 28 57 2e 67 65 74   r w = W ? (W.get
01a0	56 61 6c 75 65 28 29 20  7c 7c 20 30 29 20 3a 20   Value() || 0) : 
01b0	30 3b 20 20 20 20 20 20  20 20 20 20 20 20 76 61   0;            va
01c0	72 20 68 20 3d 20 48 20  3f 20 28 48 2e 67 65 74   r h = H ? (H.get
01d0	56 61 6c 75 65 28 29 20  7c 7c 20 30 29 20 3a 20   Value() || 0) : 
01e0	30 3b 20 20 20 20 20 20  20 20 20 20 20 20 76 61   0;            va
01f0	72 20 76 20 3d 20 28 6c  20 3e 20 30 20 26 26 20   r v = (l > 0 && 
0200	77 20 3e 20 30 20 26 26  20 68 20 3e 20 30 29 20   w > 0 && h > 0) 
0210	3f 20 28 6c 20 2a 20 77  20 2a 20 68 29 20 2f 20   ? (l * w * h) / 
0220	31 65 39 20 3a 20 30 3b  20 20 20 20 20 20 20 20   1e9 : 0;        
0230	20 20 20 20 6f 75 74 2e  73 65 74 56 61 6c 75 65       out.setValue
0240	28 76 29 3b 20 20 20 20  20 20 20 20 20 20 20 20   (v);            
0250	69 66 20 28 76 20 3e 20  30 29 20 7b 20 20 20 20   if (v > 0) {    
0260	20 20 20 20 20 20 20 20  20 20 20 20 74 68 69 73               this
0270	2e 73 68 6f 77 4e 6f 74  69 66 69 63 61 74 69 6f   .showNotificatio
0280	6e 28 66 6f 72 6d 43 6f  6e 74 65 78 74 2c 20 22   n(formContext, "
0290	56 6f 6c 75 6d 65 20 63  61 6c 63 75 6c 61 74 65   Volume calculate
02a0	64 3a 20 22 20 2b 20 76  2e 74 6f 4c 6f 63 61 6c   d: " + v.toLocal
02b0	65 53 74 72 69 6e 67 28  29 20 2b 20 22 20 6d 6d   eString() + " mm
02c0	b3 22 2c 20 22 49 4e 46  4f 22 2c 20 22 76 6f 6c   .", "INFO", "vol
02d0	75 6d 65 5f 63 61 6c 63  75 6c 61 74 65 64 22 29   ume_calculated")
02e0	3b 20 20 20 20 20 20 20  20 20 20 20 20 7d 20 20   ;            }  
02f0	20 20 20 20 20 20 7d 20  63 61 74 63 68 20 28 65         } catch (e
0300	29 20 7b 20 20 20 20 20  20 20 20 20 20 20 20 63   ) {            c
0310	6f 6e 73 6f 6c 65 2e 65  72 72 6f 72 28 22 45 72   onsole.error("Er
0320	72 6f 72 20 63 61 6c 63  75 6c 61 74 69 6e 67 20   ror calculating 
0330	76 6f 6c 75 6d 65 3a 22  2c 20 65 29 3b            volume:", e);
